[
  {
    "branch_position": [0.0299, 0.025, -0.0012],
    "T_motor_world": [
      [0.866025, -0.500001, 0.0, -0.01025],
      [0.0, 0.0, 1.0, -0.07095],
      [-0.500001, -0.866025, 0.0, 0.03491],
      [0, 0, 0, 1]
    ],
    "solution": 0
  },
  {
    "branch_position": [0.0187, 0.0315, -0.0012],
    "T_motor_world": [
      [-0.866028, 0.499995, 0.0, -0.01025],
      [0.0, 0.0, -1.0, 0.07095],
      [-0.499995, -0.866028, 0.0, 0.03491],
      [0, 0, 0, 1]
    ],
    "solution": 1
  },
  {
    "branch_position": [-0.0246, 0.0065, -0.0012],
    "T_motor_world": [
      [0.0, 1.0, 0.0, -0.01025],
      [0.0, 0.0, 1.0, -0.07095],
      [1.0, 0.0, 0.0, 0.03491],
      [0, 0, 0, 1]
    ],
    "solution": 0
  },
  {
    "branch_position": [-0.0246, -0.0065, -0.0012],
    "T_motor_world": [
      [0.0, -1.0, 0.0, -0.01025],
      [0.0, 0.0, -1.0, 0.07095],
      [1.0, 0.0, 0.0, 0.03491],
      [0, 0, 0, 1]
    ],
    "solution": 1
  },
  {
    "branch_position": [0.0187, -0.0315, -0.0012],
    "T_motor_world": [
      [-0.866021, -0.500007, 0.0, -0.01025],
      [0.0, 0.0, 1.0, -0.07095],
      [-0.500007, 0.866021, 0.0, 0.03491],
      [0, 0, 0, 1]
    ],
    "solution": 0
  },
  {
    "branch_position": [0.0299, -0.025, -0.0012],
    "T_motor_world": [
      [0.866025, 0.500001, 0.0, -0.01025],
      [0.0, 0.0, -1.0, 0.07095],
      [-0.500001, 0.866025, 0.0, 0.03491],
      [0, 0, 0, 1]
    ],
    "solution": 1
  }
]
